$ANSIBLE_VAULT;1.1;AES256
34663437623663393361373938356636336437353735313663303964336464383831636365356264
3863613632393839323462343564323133666463313735320a363136653839373866393764663532
30393933666330363364653133623966323336323963353934616435346538396563633831663937
3739636263363566360a326238366136306362646638656539626439653136326235356530343161
65343033666538393062653762356136313331646433373231323238613835373738303635353431
66396532656466306637623161336663356437393163313932383964653730636631396537643961
33626434633338663961323361656265633263636133646362333032376563386334626332653332
61333664366439643764343935396237613439376539623830366139636462373938303565633866
66353030623636613239663963386134373865633530636135336562613862356630643836323930
64663564396563626531393439666434346463333161373361306135623964373836653565616261
39373964363564363536326434633833613262363938383262353137306437363835376665663633
30323763363939353735646366356636383237313532393561646230653637346565623433323364
65623361373032323361383662653433623736326362383266633163336430616436383135653136
34613632643832343063326564386633636234346539646436366133626232336561616335366561
34316462623631303964633866353132616436356135663262653635623938393365383664363030
37653735653138633831343232623231376563326632383865643334333161323733303439353733
32336163633738323832653337366439393662346633383562653234363364386262666363393661
39666265393862396438663361353931666338346532346236363930623730373432613139353766
37303035616263623537646130306331653865656662613664306235616637383034373737616638
64653065363664386637336139356465323338653862363462633261343133626138393630663439
32316339393638353834326261656536336463303536386661653961663161396365613630636238
36633733336464336161373036636565343364663566396135666431306562356336316164613663
39396530646533633338666232393032616231656663396566643834306438663838326361633766
62366337333335626338646136383530646263313939633666633838316637633561323136303034
37613933313931636265626565366266373361326231343165616532613866363666656634373631
61353166353865653334313166643532306630633166353831323739306162613063326332333231
38376239366639666330653239643639643435643439346432646365353033623235616636636130
63636166633236633562633363303565323062383965663539353036636439343235373939393238
66376130343036626336633865363437376439656534343161386566616364376634346231663861
37366230353466396533386433613462323565323730663464396237333061363732636635346433
62613733303137313234396230396665343265386462386335386362383833333634323437663263
39373433663939313931623439383664626362353737373364633863663338336135376231373533
36666664383938313864373762616464616132363463633630636563316662663837343632353161
33376530346665306164363364613232373464343465346361386235663730623764356531653766
34333462383666323532313963623234636462613965643566336133663463363638653335366437
34666432333532343066316163393837303930313565356434646531393036326665653362656438
66393265643336666234646564613735363637363866663639306337396466643665356465656334
65363334303538343632643731646134363337616564653234303639383230656466323933653035
32376133663730343564303730396432343935653539343033396462353232616537363764336161
62636435343835616362393638326236373932366336653066636338353162366637313536316334
33333363623864316264653431313038383436333764303963616265306530306138373062646236
61626666626435383532363765393037326261386435373630666365363837653935656663336534
64366462636237353064353034393838643934336432356237396137643761623535663631366237
37623634336638323736613365393033626631643562343139313838326336656433643331313837
31656533373839643862376534336332616630633835336531313233626332363262653532396537
30666364336231333138656466386537353666326664653061373762646436316532613436636337
63613936323934323964636236636534386534343935626530633461393365623137366663356561
34303733663961346361646235313863656638396439313530336630653437356361363835663635
31643633636464396430363561636230336331386238313263393134646432633166623833336636
39623861356437363633646233663539643864616238323366396439656265303237383666346261
34633464353066343139393031383533366564646661666662343031623532323738313866616237
37633363653337633161383361393630303139613839636263303061663437366331303034326536
35313562363632316338346562343032353261613235393065333362643738666638346462336536
66313861326531326339613039643263656336633462613431343633636538616536356539373033
30643834303161643537303137623331383433303838643163376462663462313631616664376430
30323965343633336566303738623632323930316637326135393566373730336633333739353238
33313834646132636430383730363662656565666339666631353137373863346565636438383532
66386364386233363134336565373530383035303965363833323066323661316464316431303733
62366564633035363434316164333238316161633236393830666131346465333231346166373232
31356331383635396162313361383861653765623366366465653764333834326636636362616166
62343262636439613631356432366362376136333534643639343663373334333536383337393562
39636166643630326338303065336331323132653232663862323264393634363832386462623864
38333132333031343035313964646436643730346136326463633739666330383934653738623662
37373731626438313835383763323933356232393635323263333564653763353137656263393839
66336130313334613436646433376234393538393534633132613531646237616136306262323036
61663836323534333935313332363964363462343232393133363838353364306666313636323732
36663264363636633738653730306638646135333331393664303639653430366664316135666637
35313665313937306366353864336566623835333235303537646335626265373133633238633661
34353732613063393264353436333337336531656433636666633339623938626466636134363335
63336131623638376433336338393562643466613334363563393564303033313361623432626637
62343736666433366339323139343661626436346632663536613366376539363635653438636233
32393562663738656637363937346163646531326435646332363738396161383566363762376132
37656338613437343561316233323332386138653461333335666139383638333561666434353235
38316430663534346537653464373662323464353731653539316134326134303266373061316437
62356339633733356437386137326532373837663030393763326135633639373832396131636166
38316132653961646539313463383139363235346262666163356138646335343430353530396138
35653432633931366133373432663562646636326130636163653431343633303330363766393331
61393136393935613566643139653462656330376631303633323530643465663836313964613363
65663065393436376662636537336366316536313730633736643537353133333639353662346433
35663162303639303962636463653366376533393330643230323630303638653265323233666532
38656136353533356438353834643130633233636331633966313433303432343137623066626636
66326232373035386136366238333961613061633965396235623062386431663835636666393831
33366133333063626332393562613865303362343831633765633136333733613135386161626239
35653939323931623666383561303366303265386136643263653234323635626630373561363838
33393165373735323832663563316361383363653837383164383430663762313330363166316436
37393461366631663566393264393933663566353766326237623863376436363461363762623135
36363633313530303736656130643539303430643966643334383266356134636264613533626536
38313438626339613062393564303064326630393834333236636363323938613665656665636137
66383062656162373536376333623530336133376332323033363530626566363138303535376462
35313534633739353830613061393835383963646338663337323630616631356434383461663635
30353630643434623530363036393165626131383364313535356436363537663937666430656332
33326330643164646462363762633131363830306366616531366138306232303565383138333135
36653937663266316336613435306230326630346261353965326137323063383364363338376463
34643035643031393466323066383837366266353966343061313130336134306436656563373134
36613461373135393766626163373161646233306164313236353566306632626231346438333836
33643235396532386636366439363030653532323835663636313065353633356131343764303961
62633839656463356635393363623861633332393730626464326365663865663836353137343965
64316339343330373339636537333930306230643934373731373363363136643739396334323866
64333661643537336234373530623263393639366666633639373732306364653233656336306231
39383932643836356538353862336332613166316164636635323461313939326432313636303338
38353362336538663239393666653764373034313561336635643936653266663566653739346635
36356530323330336364356634666164626335376561306161396139333337613831343934343863
35373631393766666134316439333364663737303636343036656234343465323435363330346335
61353030653335643136343238633632613934663163653137313336373630396538333463646632
63653562663733656135623965313037646533623731343831363731666263363565353265626233
35373232663330366164316465306230666432323261316235356666376230633137313631666437
61336337346436613430643832346630396363396462396138613035323665353138353031326232
33363366336431626238393535316130666237396262363963386263616634363563656561633639
36343962393865393732653864346561343866613738383536643762373163396637636537303332
39373238333462313338383836373663646430393435646235623830363662636632333535363131
39616332656462343364653765333034313363313236313534323834313166306230323533333935
31373436303039356666633537353061376466616463303435303433343362353032613064666335
66613964303330363031356466323465646232306139663833626139326363623766333835353639
65343630373237386137323939386161383764653031353361386664626133393838313932306132
39353762333638613430656164666634666165633766666636616333363237636264393262643061
37666335383731333765353739376538396234343032383737633239616466643830613564613032
37666536313830353662336437333038643432373139363735343739616432343730396562303737
61343534336335373862656366316262323933653834333234383937316230313235633138383935
34373565666436383734323737613631336337623532666135666162316263653965393666376434
32636163323434303464346139333663633439303137626135306166386562376364383061333833
66623763653931333032626163666162306462356166343631643737653431313834366331373334
63666564633139316563313862383063613936386534636631393636313963316131313666373061
38323466646236626134396536643935343261363336306430386237316130393837343265303365
66306535336537353034393038356232306239333963303934373231623437323730346337643661
31646134366234343463656232653365653034363562316637396665646239333834663530326337
38313837393531316663336635373261313464636539656432363264373463623831363432633539
39656632343566646665306561643534393438366636613430333963363061363463336566633762
62383932333166346161383534633934613637616264636365363364323861306661323764613938
39353739313862653331663234383833656635303962393438623934633432383835616234373633
35383133396639336336643334383533353039366336336230316262306632626238613135663930
34353637356665336431376231363066376630383966643462353933383565343634393564373433
64353130633738353436373037363930373538616238373730313934646132373965643566383935
61356634343036383031323433343862643261373239616438613238343434656466613566326234
3638356162353134313665633861653965343137336430303862
